# Margins
3.564673529642373495e+00
8.785172119311781547e-01
1.137908366641876556e+00
2.206555309481631699e+00
5.275278081888439274e-01
6.486167964991270685e-01
2.131751679609980243e+00
6.791990716602871458e-01
1.201044363235451273e+00
6.964627438598722797e-01
8.590119748488219686e-01
1.200911817929615655e+00
1.153850087936552749e+00
1.937811166720465383e+00
7.954436176016896898e-01
2.607328584739325716e-01
1.022967458319500533e+00
2.077068553371911874e-01
4.462370794297345067e-01
3.012083336354527963e-01
4.455778983739004384e-01
3.643879791336576690e-01
1.998459211266755409e-01
5.843127822902727253e-01
1.149429117192879213e+00
2.567317288503902506e-01
1.364858096744828053e+00
5.246898371869563871e-01
2.981450418522313406e-01
2.621775691439400813e-01
7.744420710868950009e-01
7.282380293671486537e-01
5.822620942579778136e-01
1.007769979262729265e+00
2.027481858242901058e-01
2.435022875982619794e-01
1.121534729384060736e+00
2.398547070531423520e-01
4.254130261014141268e-01
2.756775875837992107e+00
6.612443086650671153e-01
2.399803968768928986e+00
7.505811586132414837e-01
2.586625292932920317e-01
2.368630976339174132e-01
